0 0.20644391408114557 0.9952267303102627 0.30489260143198094 0.7911694510739857 0.39886634844868735 0.6157517899761337 0.448090692124105 0.5513126491646778 0.46151551312649164 0.5441527446300717 0.464200477326969 0.5334128878281623 0.49105011933174225 0.5262529832935562 0.5295346062052506 0.5190930787589499 0.5733890214797136 0.5405727923627686 0.5742840095465395 0.5823389021479715 0.5501193317422435 0.5883054892601433 0.5420644391408114 0.594272076372315 0.6951073985680192 0.7863961813842483 0.9000596658711219 1.0
0 0.9081145584725537 0.9964200477326971 0.7067422434367542 0.7923627684964201 0.8758949880668258 0.7947494033412889 0.9999999999999998 0.8866348448687352 0.9999999999999998 1.0
0 0.0005966587112171499 0.9307875894988068 0.2762529832935561 0.6646778042959428 0.2789379474940334 0.7410501193317424 0.27714797136038183 0.7959427207637232 0.29683770883054894 0.8031026252983294 0.2019689737470167 0.9988066825775658 0.0 0.9988066825775658
0 0.9985083532219571 0.8806682577565633 0.9967183770883055 0.6933174224343676 0.7792362768496421 0.613365155131265 0.7783412887828163 0.694510739856802 0.8785799522673031 0.7637231503579953 0.8785799522673031 0.7923627684964201
0 0.647673031026253 0.5692124105011933 0.6431980906921241 0.6097852028639619 0.7595465393794749 0.6837708830548926 0.7622315035799523 0.6073985680190931
0 0.368436754176611 0.577565632458234 0.3666467780429594 0.6241050119331742 0.3263723150357995 0.698090692124105 0.32547732696897375 0.6217183770883056
0 0.30757756563245825 0.72673031026253 0.29952267303102625 0.7350835322195705 0.2941527446300716 0.6539379474940336 0.3057875894988067 0.630071599045346
0 0.3845465393794749 0.5692124105011933 0.3791766109785203 0.5704057279236276 0.37738663484486873 0.6145584725536993 0.3845465393794749 0.6038186157517901
0 0.44093078758949883 0.5536992840095466 0.3997613365155131 0.5620525059665872 0.4024463007159904 0.6026252983293556
0 0.6145584725536993 0.5572792362768497 0.6127684964200477 0.5918854415274464 0.6306682577565632 0.6050119331742244 0.6342482100238663 0.5632458233890215
